14:46:23         3.39794000867204         2500.0000         1.6320         282.40
14:46:27         3.38793991568488         2443.0925         1.6040         282.40
14:46:31         3.37793996067067         2387.4812         1.5960         282.40
14:46:35         3.3679399614021         2333.1355         1.5920         282.40
14:46:39         3.35793996240098         2280.0269         1.5990         282.40
14:46:43         3.34793997981128         2228.1272         1.6400         282.40
14:46:47         3.33794000082483         2177.4089         1.6610         282.40
14:46:51         3.32793998319971         2127.8450         1.6300         282.40
14:46:55         3.31794000785154         2079.4094         1.6520         282.40
14:46:59         3.30794000942755         2032.0763         1.6700         282.40
14:47:03         3.29794002877041         1985.8207         1.6830         282.40
14:47:07         3.28794003739576         1940.6179         1.6890         282.40
14:47:11         3.27794004399003         1896.4441         1.6790         282.40
14:47:15         3.26794004466265         1853.2758         1.6590         282.40
14:47:19         3.25794005368275         1811.0901         1.6860         282.40
14:47:23         3.24794004868493         1769.8646         1.6930         282.40
14:47:27         3.23794006125746         1729.5776         1.6850         282.40
14:47:31         3.22794009222926         1690.2078         1.6860         282.40
14:47:35         3.21794007879607         1651.7339         1.6960         282.40
14:47:38         3.2079400871482         1614.1359         1.7210         282.40
14:47:42         3.19794009555258         1577.3937         1.7540         282.40
14:47:46         3.18794012429287         1541.4879         1.7250         282.40
14:47:50         3.17794013808304         1506.3994         1.7070         282.40
14:47:54         3.16794015050103         1472.1096         1.7270         282.40
14:47:58         3.15794015914875         1438.6003         1.7500         282.40
14:48:02         3.14794014669376         1405.8538         1.7610         282.40
14:48:06         3.13794015929698         1373.8527         1.7740         282.40
14:48:10         3.12794015913087         1342.5800         1.7830         282.40
14:48:14         3.11794017894964         1312.0192         1.8060         282.40
14:48:18         3.10794020945189         1282.1541         1.8250         282.40
14:48:22         3.09794019718123         1252.9686         1.7950         282.40
14:48:26         3.08794021560118         1224.4476         1.8150         282.40
14:48:30         3.0779402173153         1196.5758         1.8230         282.40
14:48:34         3.06794024925083         1169.3385         1.8470         282.40
14:48:38         3.05794023491713         1142.7211         1.8350         282.40
14:48:42         3.04794024759586         1116.7096         1.8550         282.40
14:48:46         3.03794023970325         1091.2902         1.8650         282.40
14:48:50         3.0279402798438         1066.4495         1.8780         282.40
14:48:54         3.01794026436707         1042.1741         1.8970         282.40
14:48:58         3.00794031634101         1018.4514         1.9020         282.40
14:49:02         2.99794030947142         995.2686         1.9540         282.40
14:49:06         2.98794030467455         972.6135         1.9230         282.40
14:49:10         2.97794032455629         950.4742         1.9440         282.40
14:49:13         2.96794029451423         928.8387         1.9530         282.40
14:49:17         2.95794032629949         907.6958         1.9660         282.40
14:49:21         2.94794035462731         887.0342         1.9970         282.40
14:49:25         2.93794033297722         866.8428         2.0030         282.40
14:49:29         2.92794036428369         847.1111         1.9980         282.40
14:49:33         2.91794036935003         827.8285         1.9960         282.40
14:49:37         2.90794042847605         808.9849         2.0280         282.40
14:49:41         2.89794040109701         790.5701         2.0420         282.40
14:49:45         2.88794041725331         772.5746         2.0740         282.40
14:49:49         2.87794038621227         754.9886         2.0550         282.40
14:49:53         2.86794040414409         737.8030         2.0560         282.40
14:49:57         2.85794044848828         721.0086         2.0900         282.40
14:50:01         2.84794040419634         704.5964         2.1160         282.40
14:50:05         2.83794047953074         688.5579         2.1050         282.40
14:50:09         2.82794045945596         672.8844         2.1300         282.40
14:50:13         2.81794046439641         657.5677         2.1630         282.40
14:50:17         2.8079404984656         642.5997         2.1710         282.40
14:50:21         2.79794048044319         627.9723         2.1680         282.40
14:50:25         2.78794049595963         613.6779         2.2100         282.40
14:50:29         2.77794051094954         599.7089         2.2220         282.40
14:50:33         2.76794054113688         586.0579         2.2460         282.40
14:50:37         2.7579405221509         572.7176         2.2720         282.40
14:50:41         2.74794058725838         559.6810         2.2810         282.40
14:50:45         2.73794056060088         546.9411         2.2450         282.40
14:50:48         2.72794056815522         534.4912         2.2280         282.40
14:50:52         2.7179405693437         522.3247         2.2500         282.40
14:50:56         2.70794062553762         510.4352         2.2960         282.40
14:51:00         2.69794064943186         498.8163         2.3500         282.40
14:51:04         2.6879405806966         487.4618         2.3750         282.40
14:51:08         2.67794058733401         476.3658         2.3620         282.40
14:51:12         2.66794058310454         465.5224         2.3770         282.40
14:51:16         2.65794066610846         454.9259         2.4090         282.40
14:51:20         2.64794063690341         444.5705         2.3750         282.40
14:51:24         2.63794060693382         434.4508         2.3710         282.40
14:51:28         2.62794072663757         424.5616         2.3770         282.40
14:51:32         2.61794061734837         414.8973         2.3720         282.40
14:51:36         2.60794071743674         405.4532         2.4190         282.40
14:51:40         2.59794067657697         396.2239         2.4710         282.40
14:51:44         2.58794073630729         387.2048         2.4920         282.40
14:51:48         2.5779406830264         378.3909         2.5030         282.40
14:51:52         2.56794072853022         369.7777         2.4940         282.40
14:51:56         2.55794068345764         361.3605         2.5040         282.40
14:52:00         2.54794077560419         353.1350         2.5210         282.40
14:52:04         2.53794066557497         345.0966         2.5490         282.40
14:52:08         2.52794075796083         337.2413         2.5590         282.40
14:52:12         2.5179408048492         329.5648         2.6010         282.40
14:52:16         2.50794081824161         322.0630         2.6290         282.40
14:52:20         2.4979407677867         314.7319         2.6260         282.40
14:52:23         2.48794070802963         307.5677         2.6300         282.40
14:52:27         2.47794087962866         300.5667         2.6220         282.40
14:52:31         2.46794078613127         293.7249         2.6420         282.40
14:52:35         2.45794077204664         287.0389         2.6790         282.40
14:52:39         2.44794075626501         280.5051         2.6730         282.40
14:52:43         2.43794086045844         274.1201         2.7180         282.40
14:52:47         2.42794079293944         267.8803         2.6990         282.40
14:52:51         2.41794096728805         261.7827         2.7120         282.40
14:52:55         2.4079407758003         255.8237         2.7280         282.40
14:52:59         2.3979408834098         250.0005         2.7020         282.40
14:53:03         2.38794088674699         244.3098         2.7520         282.40
14:53:07         2.37794082667204         238.7486         2.7890         282.40
14:53:11         2.36794098958997         233.3141         2.8330         282.40
14:53:15         2.35794095059641         228.0032         2.8140         282.40
14:53:19         2.34794091964498         222.8132         2.8260         282.40
14:53:23         2.33794099907116         217.7414         2.7750         282.40
14:53:27         2.32794101715548         212.7850         2.8410         282.40
14:53:31         2.317940976659         207.9414         2.8840         282.40
14:53:35         2.30794101384578         203.2081         2.8980         282.40
14:53:39         2.29794098316926         198.5825         2.9140         282.40
14:53:43         2.28794093890009         194.0622         2.9140         282.40
14:53:47         2.27794095251576         189.6448         2.9330         282.40
14:53:51         2.26794104586502         185.3280         2.9390         282.40
14:53:55         2.2579410050259         181.1094         2.9960         282.40
14:53:58         2.24794110456092         176.9869         2.9940         282.40
14:54:02         2.23794090417789         172.9581         2.9780         282.40
14:54:06         2.22794093125956         169.0211         2.9920         282.40
14:54:10         2.2179411540191         165.1738         3.0150         282.40
14:54:14         2.20794091645504         161.4139         3.0360         282.40
14:54:18         2.19794101139409         157.7397         3.0480         282.40
14:54:22         2.18794097548779         154.1491         3.0670         282.40
14:54:26         2.17794118506856         150.6403         3.1100         282.40
14:54:30         2.16794115885206         147.2113         3.0910         282.40
14:54:34         2.15794125547707         143.8604         3.1020         282.40
14:54:38         2.14794112714743         140.5857         3.1100         282.40
14:54:42         2.13794123011743         137.3856         3.1280         282.40
14:54:46         2.12794114630491         134.2583         3.1220         282.40
14:54:50         2.1179410982028         131.2022         3.0990         282.40
14:54:54         2.10794120180196         128.2157         3.1550         282.40
14:54:58         2.09794100637999         125.2971         3.1880         282.40
14:55:02         2.08794105447269         122.4450         3.2240         282.40
14:55:06         2.07794100926903         119.6578         3.2660         282.40
14:55:10         2.06794116732695         116.9341         3.3020         282.40
14:55:14         2.05794134835199         114.2724         3.2810         282.40
14:55:18         2.04794119707109         111.6712         3.2890         282.40
14:55:22         2.03794138132285         109.1293         3.1580         282.40
14:55:26         2.02794132377737         106.6452         3.4050         282.40
14:55:30         2.01794105919612         104.2176         3.3510         282.40
14:55:33         2.00794140947349         101.8454         3.3600         282.40
14:55:37         1.99794134816669         99.5271         3.3340         282.40
14:55:41         1.98794139481766         97.2616         3.3320         282.40
14:55:45         1.97794115423626         95.0476         3.3630         282.40
14:55:49         1.96794138609272         92.8841         3.3380         282.40
14:55:53         1.95794137029725         90.7698         3.3410         282.40
14:55:57         1.94794123617455         88.7036         3.3710         282.40
14:56:01         1.93794145675598         86.6845         3.3900         282.40
14:56:05         1.92794136560506         84.7113         3.3810         282.40
14:56:09         1.91794114583912         82.7830         3.4160         282.40
14:56:13         1.90794152613697         80.8987         3.4180         282.40
14:56:17         1.89794141535595         79.0572         3.3740         282.40
14:56:21         1.88794120638848         77.2576         3.4190         282.40
14:56:25         1.87794120250614         75.4990         3.4070         282.40
14:56:29         1.86794160770528         73.7805         3.4330         282.40
14:56:33         1.85794127567972         72.1010         3.4540         282.40
14:56:37         1.84794141054217         70.4598         3.4690         282.40
14:56:41         1.83794118209557         68.8559         3.4810         282.40
14:56:45         1.82794147383586         67.2886         3.4930         282.40
14:56:49         1.81794131092724         65.7569         3.4750         282.40
14:56:53         1.80794140596448         64.2601         3.5080         282.40
14:56:57         1.7979416728975         62.7974         3.5060         282.40
14:57:00         1.7879412680525         61.3679         3.5260         282.40
14:57:04         1.77794129550171         59.9710         3.5190         282.40
14:57:08         1.76794133830984         58.6059         3.5550         282.40
14:57:12         1.75794159244974         57.2719         3.5880         282.40
14:57:16         1.74794134503881         55.9682         3.5750         282.40
14:57:20         1.73794126333568         54.6942         3.5400         282.40
14:57:24         1.72794120666966         53.4492         3.6660         282.40
14:57:28         1.71794165409301         52.2326         3.7170         282.40
14:57:32         1.70794128116157         51.0436         3.7110         282.40
14:57:36         1.69794123397439         49.8817         3.6220         282.40
14:57:40         1.68794165466216         48.7463         3.4980         282.40
14:57:44         1.67794166544869         47.6367         3.6110         282.40
14:57:48         1.66794113827727         46.5523         3.6430         282.40
14:57:52         1.65794170034898         45.4927         3.6670         282.40
14:57:56         1.64794112880411         44.4571         3.7100         282.40
14:58:00         1.63794181956938         43.4452         3.6950         282.40
14:58:04         1.62794111685212         42.4562         3.6940         282.40
14:58:08         1.61794133609516         41.4898         3.6880         282.40
14:58:11         1.60794157550638         40.5454         3.6780         282.40
14:58:15         1.59794188913101         39.6225         3.6620         282.40
14:58:19         1.58794207979169         38.7206         3.7170         282.40
14:58:23         1.57794193521317         37.8392         3.7220         282.40
14:58:27         1.567942260778         36.9779         3.7750         282.40
14:58:31         1.55794128862757         36.1361         3.8600         282.40
14:58:35         1.54794197660411         35.3136         3.6970         282.40
14:58:39         1.53794119365063         34.5097         3.7770         282.40
14:58:43         1.52794167168711         33.7242         3.7480         282.40
14:58:47         1.51794109641154         32.9565         3.7490         282.40
14:58:51         1.50794220712774         32.2064         3.7650         282.40
14:58:55         1.49794229430093         31.4733         3.7360         282.40
14:58:59         1.48794114433291         30.7568         3.7660         282.40
14:59:03         1.47794129302304         30.0567         3.7890         282.40
14:59:07         1.46794239925927         29.3726         3.8030         282.40
14:59:11         1.45794242852088         28.7040         3.8450         282.40
14:59:14         1.4479421560176         28.0506         3.8600         282.40
14:59:18         1.43794230490244         27.4121         3.8450         282.40
14:59:22         1.42794189996098         26.7881         3.7800         282.40
14:59:26         1.41794145458524         26.1783         3.8240         282.40
14:59:30         1.40794127444831         25.5824         3.8310         282.40
14:59:34         1.39794173163867         25.0001         3.8690         282.40
14:59:38         1.38794123936677         24.4310         3.9130         282.40
14:59:42         1.37794157609491         23.8749         3.8620         282.40
14:59:46         1.36794264405843         23.3315         3.8170         282.40
14:59:50         1.35794246194978         22.8004         3.8420         282.40
14:59:54         1.34794248850841         22.2814         3.8270         282.40
14:59:58         1.33794221644163         21.7742         4.1410         282.40
15:00:02         1.32794100158388         21.2785         4.0890         282.40
15:00:06         1.31794223546809         20.7942         3.9470         282.40
15:00:10         1.30794293788719         20.3209         3.9380         282.40
15:00:14         1.29794205102563         19.8583         3.8950         282.40
15:00:17         1.28794273165883         19.4063         3.9100         282.40
15:00:21         1.27794140677791         18.9645         3.9140         282.40
15:00:25         1.26794105480431         18.5328         3.8730         282.40
15:00:29         1.25794243203673         18.1110         3.8080         282.40
15:00:33         1.24794136665739         17.6987         3.9640         282.40
15:00:37         1.23794317430772         17.2959         3.9450         282.40
15:00:41         1.22794325426722         16.9022         3.9590         282.40
15:00:45         1.21794170567168         16.5174         3.9530         282.40
15:00:49         1.20794118331087         16.1414         3.9140         282.40
15:00:53         1.19794184111121         15.7740         3.9490         282.40
15:00:57         1.1879407068027         15.4149         3.9250         282.40
15:01:01         1.17794319764919         15.0641         3.9200         282.40
15:01:05         1.16794321268479         14.7212         3.9530         282.40
15:01:09         1.15794306924945         14.3861         3.9810         282.40
15:01:13         1.14794208756565         14.0586         3.9670         282.40
15:01:17         1.13794247216939         13.7386         3.9790         282.40
15:01:20         1.12794342296647         13.4259         3.9750         282.40
15:01:24         1.11794046053426         13.1202         3.9480         282.40
15:01:28         1.10794222257636         12.8216         4.1270         282.40
15:01:32         1.09794068243622         12.5297         4.1960         282.40
15:01:36         1.08794106123777         12.2445         3.9640         282.40
15:01:40         1.07794174999367         11.9658         3.9870         282.40
15:01:44         1.06794082021506         11.6934         3.9670         282.40
15:01:48         1.05794364625217         11.4273         3.9540         282.40
15:01:52         1.04794040336928         11.1671         4.0010         282.40
15:01:56         1.03794415945378         10.9130         3.5620         282.40
15:02:00         1.02794050820449         10.6645         3.7970         282.40
15:02:04         1.01794272038414         10.4218         3.8710         282.40
15:02:08         1.00794397149197         10.1846         3.8950         282.40
15:02:12         0.997940898731541         9.9527         3.8630         282.40
15:02:16         0.987943200361163         9.7262         3.9980         282.40
15:02:20         0.977942975691964         9.5048         4.0010         282.40
15:02:23         0.967940895596191         9.2884         3.9520         282.40
15:02:27         0.957942319383955         9.0770         4.0120         282.40
15:02:31         0.947943225252336         8.8704         4.2130         282.40
15:02:35         0.937943950846419         8.6685         4.0250         282.40
15:02:39         0.927939801039402         8.4711         3.9840         282.40
15:02:43         0.917941175857998         8.2783         3.9920         282.40
15:02:47         0.907943154192368         8.0899         3.9690         282.40
15:02:51         0.897940341373011         7.9057         3.9390         282.40
15:02:55         0.887943463350021         7.7258         3.8790         282.40
15:02:59         0.877941202506144         7.5499         3.9560         282.40
15:03:03         0.867944532389962         7.3781         3.9510         282.40
15:03:07         0.857941298657235         7.2101         3.8860         282.40
15:03:11         0.84794263908035         7.0460         3.9420         282.40
15:03:15         0.837941795635856         6.8856         3.9920         282.40
15:03:19         0.827944071327013         6.7289         4.0280         282.40
15:03:23         0.817941978576874         6.5757         3.9960         282.40
15:03:26         0.807940729207681         6.4260         4.0340         282.40
15:03:30         0.797945808208702         6.2798         4.0770         282.40
15:03:34         0.787941956455818         6.1368         4.0160         282.40
15:03:38         0.77794128168918         5.9971         4.0150         282.40
15:03:42         0.767942080357818         5.8606         3.9570         282.40
15:03:46         0.757942351781784         5.7272         4.1250         282.40
15:03:50         0.747939776195038         5.5968         3.7470         282.40
15:03:54         0.737939680666255         5.4694         3.9490         282.40
15:03:58         0.727939594883834         5.3449         3.9060         282.40
15:04:02         0.717944968588016         5.2233         3.9030         282.40
15:04:06         0.707944713434125         5.1044         3.9760         282.40
15:04:10         0.697943874369764         4.9882         4.0000         282.40
15:04:14         0.687938978239886         4.8746         3.9190         282.40
15:04:18         0.677944404195701         4.7637         3.8530         282.40
15:04:22         0.667938344612413         4.6552         3.7860         282.40
15:04:26         0.657944595480978         4.5493         3.5080         282.40
15:04:29         0.647940169224579         4.4457         3.6040         282.40
15:04:33         0.637939808041573         4.3445         3.7670         282.40
15:04:37         0.627939097487999         4.2456         3.8780         282.40
15:04:41         0.617943452398239         4.1490         3.9580         282.40
15:04:45         0.607937315786828         4.0545         3.8520         282.40
15:04:49         0.597947361261676         3.9623         3.7140         282.40
15:04:53         0.587946577653098         3.8721         3.6070         282.40
15:04:57         0.577939653034391         3.7839         3.6670         282.40
15:05:01         0.567943408840229         3.6978         3.6720         282.40
15:05:05         0.557940079433036         3.6136         3.6110         282.40
15:05:09         0.547946908409782         3.5314         3.6670         282.40
15:05:13         0.537944956171069         3.4510         3.6420         282.40
15:05:17         0.527939086475375         3.3724         3.7430         282.40
15:05:21         0.517947681646819         3.2957         3.8120         282.40
15:05:25         0.507936773728458         3.2206         3.7830         282.40
15:05:29         0.497938142432874         3.1473         3.7860         282.40
15:05:32         0.487943978946967         3.0757         3.7900         282.40
15:05:36         0.47794564741992         3.0057         3.7390         282.40
15:05:40         0.467948300380149         2.9373         3.6540         282.40
15:05:44         0.457942414091686         2.8704         3.7550         282.40
15:05:48         0.447948342633757         2.8051         3.7900         282.40
15:05:52         0.437940718431263         2.7412         3.5790         282.40
15:05:56         0.427940307457032         2.6788         3.6490         282.40
15:06:00         0.417936462927461         2.6178         3.7500         282.40
15:06:04         0.407934474653404         2.5582         3.6400         282.40
15:06:08         0.397940008672038         2.5000         3.5730         282.40
15:06:12         0.387941239366765         2.4431         3.4750         282.40
15:06:16         0.377943388929616         2.3875         3.3750         282.40
15:06:20         0.367951963639655         2.3332         3.5650         282.40
15:06:24         0.357934841550776         2.2800         3.5490         282.40
15:06:28         0.347934690606402         2.2281         3.6530         282.40
15:06:32         0.337938240953557         2.1774         3.5880         282.40
15:06:36         0.327951191133478         2.1279         3.3860         282.40
15:06:39         0.317938052702283         2.0794         3.4410         282.40
15:06:43         0.307945067774797         2.0321         3.3590         282.40
15:06:47         0.29793551244985         1.9858         3.2660         282.40
15:06:51         0.287936035453707         1.9406         3.4580         282.40
15:06:55         0.277952845073305         1.8965         3.2370         282.40
15:06:59         0.267945719974534         1.8533         3.3620         282.40
15:07:03         0.257942432036734         1.8111         3.3220         282.40
15:07:07         0.247948720505255         1.7699         3.2980         282.40
15:07:11         0.237945664731862         1.7296         3.4840         282.40
15:07:15         0.22793808996905         1.6902         3.3490         282.40
15:07:19         0.217931174001528         1.6517         3.3470         282.40
15:07:23         0.207930431970445         1.6141         3.3120         282.40
15:07:27         0.197941827982788         1.5774         3.0670         282.40
15:07:31         0.187943521270708         1.5415         3.2270         282.40
15:07:35         0.177940303874248         1.5064         3.2770         282.40
15:07:39         0.16793731844012         1.4721         3.0610         282.40
15:07:42         0.157940039093723         1.4386         3.1160         282.40
15:07:46         0.147954431402178         1.4059         3.1770         282.40
15:07:50         0.137955141197899         1.3739         3.1340         282.40
15:07:54         0.127946638961957         1.3426         3.1220         282.40
15:07:58         0.117933847035578         1.3120         3.1560         282.40
15:08:02         0.107955765376682         1.2822         3.0270         282.40
15:08:06         0.0979510782661857         1.2530         2.8280         282.40
15:08:10         0.0879587684898214         1.2245         2.9210         282.40
15:08:14         0.0779489841071468         1.1966         3.0870         282.40
15:08:18         0.0679259348756243         1.1693         2.9910         282.40
15:08:22         0.057932210997715         1.1427         3.0220         282.40
15:08:26         0.047936536833872         1.1167         2.9890         282.40
15:08:30         0.0379441594537771         1.0913         2.9570         282.40
15:08:34         0.027960838814536         1.0665         3.0640         282.40
15:08:38         0.017951056034301         1.0422         2.8740         282.40
15:08:42         0.00796102072995762         1.0185         2.8200         282.40
#------------------------------------------------------------------
# Дата окончания эксперимента
#----------------------
# 12.12.2019
# 15:08:46
#----------------------
# Количество точек в скане 717
