11:00:26         3.39794000867204         2500.0000         -2.4740         302.60
11:00:30         3.38793991568488         2443.0925         -2.4380         302.60
11:00:34         3.37793996067067         2387.4812         -2.4210         302.60
11:00:38         3.3679399614021         2333.1355         -2.3970         302.60
11:00:42         3.35793996240098         2280.0269         -2.3940         302.60
11:00:46         3.34793997981128         2228.1272         -2.3810         302.60
11:00:50         3.33794000082483         2177.4089         -2.3370         302.60
11:00:54         3.32793998319971         2127.8450         -2.3180         302.60
11:00:58         3.31794000785154         2079.4094         -2.3000         302.60
11:01:02         3.30794000942755         2032.0763         -2.2810         302.50
11:01:05         3.29794002877041         1985.8207         -2.2770         302.50
11:01:09         3.28794003739576         1940.6179         -2.2870         302.60
11:01:13         3.27794004399003         1896.4441         -2.2470         302.50
11:01:17         3.26794004466265         1853.2758         -2.2370         302.50
11:01:21         3.25794005368275         1811.0901         -2.2090         302.60
11:01:25         3.24794004868493         1769.8646         -2.1670         302.50
11:01:29         3.23794006125746         1729.5776         -2.1550         302.50
11:01:33         3.22794009222926         1690.2078         -2.1040         302.60
11:01:37         3.21794007879607         1651.7339         -2.0720         302.50
11:01:41         3.2079400871482         1614.1359         -2.0840         302.50
11:01:45         3.19794009555258         1577.3937         -2.0410         302.50
11:01:49         3.18794012429287         1541.4879         -1.9980         302.60
11:01:53         3.17794013808304         1506.3994         -1.9670         302.50
11:01:57         3.16794015050103         1472.1096         -1.9390         302.50
11:02:01         3.15794015914875         1438.6003         -1.9110         302.50
11:02:05         3.14794014669376         1405.8538         -1.8880         302.50
11:02:09         3.13794015929698         1373.8527         -1.8550         302.50
11:02:13         3.12794015913087         1342.5800         -1.8180         302.50
11:02:17         3.11794017894964         1312.0192         -1.7920         302.60
11:02:21         3.10794020945189         1282.1541         -1.7570         302.60
11:02:25         3.09794019718123         1252.9686         -1.7210         302.50
11:02:29         3.08794021560118         1224.4476         -1.6700         302.50
11:02:33         3.0779402173153         1196.5758         -1.6120         302.60
11:02:37         3.06794024925083         1169.3385         -1.5730         302.60
11:02:40         3.05794023491713         1142.7211         -1.5440         302.60
11:02:44         3.04794024759586         1116.7096         -1.4920         302.60
11:02:48         3.03794023970325         1091.2902         -1.4490         302.60
11:02:52         3.0279402798438         1066.4495         -1.4220         302.60
11:02:56         3.01794026436707         1042.1741         -1.3820         302.60
11:03:00         3.00794031634101         1018.4514         -1.3420         302.50
11:03:04         2.99794030947142         995.2686         -1.3050         302.50
11:03:08         2.98794030467455         972.6135         -1.2470         302.50
11:03:12         2.97794032455629         950.4742         -1.1940         302.50
11:03:16         2.96794029451423         928.8387         -1.1650         302.50
11:03:20         2.95794032629949         907.6958         -1.1200         302.50
11:03:24         2.94794035462731         887.0342         -1.0660         302.60
11:03:28         2.93794033297722         866.8428         -1.0230         302.50
11:03:32         2.92794036428369         847.1111         -0.9622         302.50
11:03:36         2.91794036935003         827.8285         -0.9363         302.50
11:03:40         2.90794042847605         808.9849         -0.8888         302.50
11:03:44         2.89794040109701         790.5701         -0.8435         302.60
11:03:48         2.88794041725331         772.5746         -0.7983         302.60
11:03:52         2.87794038621227         754.9886         -0.7497         302.50
11:03:56         2.86794040414409         737.8030         -0.7205         302.50
11:04:00         2.85794044848828         721.0086         -0.6953         302.50
11:04:04         2.84794040419634         704.5964         -0.6479         302.60
11:04:08         2.83794047953074         688.5579         -0.6027         302.50
11:04:12         2.82794045945596         672.8844         -0.5641         302.60
11:04:15         2.81794046439641         657.5677         -0.5305         302.60
11:04:19         2.8079404984656         642.5997         -0.4839         302.60
11:04:23         2.79794048044319         627.9723         -0.4361         302.60
11:04:27         2.78794049595963         613.6779         -0.3839         302.50
11:04:31         2.77794051094954         599.7089         -0.3555         302.60
11:04:35         2.76794054113688         586.0579         -0.3160         302.60
11:04:39         2.7579405221509         572.7176         -0.2682         302.60
11:04:43         2.74794058725838         559.6810         -0.2441         302.60
11:04:47         2.73794056060088         546.9411         -0.2179         302.50
11:04:51         2.72794056815522         534.4912         -0.1762         302.60
11:04:55         2.7179405693437         522.3247         -0.1405         302.50
11:04:59         2.70794062553762         510.4352         -0.1125         302.60
11:05:03         2.69794064943186         498.8163         -0.0714         302.60
11:05:07         2.6879405806966         487.4618         -0.0003         302.60
11:05:11         2.67794058733401         476.3658         -0.0008         302.60
11:05:15         2.66794058310454         465.5224         0.0162         302.50
11:05:19         2.65794066610846         454.9259         0.0507         302.50
11:05:23         2.64794063690341         444.5705         0.0713         302.60
11:05:27         2.63794060693382         434.4508         0.0742         302.50
11:05:31         2.62794072663757         424.5616         0.1167         302.60
11:05:35         2.61794061734837         414.8973         0.1604         302.60
11:05:39         2.60794071743674         405.4532         0.2109         302.60
11:05:43         2.59794067657697         396.2239         0.2254         302.60
11:05:47         2.58794073630729         387.2048         0.2374         302.60
11:05:50         2.5779406830264         378.3909         0.2794         302.60
11:05:54         2.56794072853022         369.7777         0.2989         302.60
11:05:58         2.55794068345764         361.3605         0.3294         302.60
11:06:02         2.54794077560419         353.1350         0.3378         302.60
11:06:06         2.53794066557497         345.0966         0.3476         302.60
11:06:10         2.52794075796083         337.2413         0.3758         302.60
11:06:14         2.5179408048492         329.5648         0.4054         302.60
11:06:18         2.50794081824161         322.0630         0.4274         302.60
11:06:22         2.4979407677867         314.7319         0.4332         302.60
11:06:26         2.48794070802963         307.5677         0.4387         302.60
11:06:30         2.47794087962866         300.5667         0.4637         302.60
11:06:34         2.46794078613127         293.7249         0.4787         302.60
11:06:38         2.45794077204664         287.0389         0.5055         302.60
11:06:42         2.44794075626501         280.5051         0.5188         302.60
11:06:46         2.43794086045844         274.1201         0.5200         302.60
11:06:50         2.42794079293944         267.8803         0.5356         302.60
11:06:54         2.41794096728805         261.7827         0.5463         302.60
11:06:58         2.4079407758003         255.8237         0.5826         302.60
11:07:02         2.3979408834098         250.0005         0.5931         302.50
11:07:06         2.38794088674699         244.3098         0.6024         302.50
11:07:10         2.37794082667204         238.7486         0.6235         302.60
11:07:14         2.36794098958997         233.3141         0.6236         302.60
11:07:18         2.35794095059641         228.0032         0.6172         302.60
11:07:22         2.34794091964498         222.8132         0.6400         302.60
11:07:25         2.33794099907116         217.7414         0.6667         302.60
11:07:29         2.32794101715548         212.7850         0.6689         302.60
11:07:33         2.317940976659         207.9414         0.6862         302.60
11:07:37         2.30794101384578         203.2081         0.7053         302.60
11:07:41         2.29794098316926         198.5825         0.7056         302.60
11:07:45         2.28794093890009         194.0622         0.7129         302.50
11:07:49         2.27794095251576         189.6448         0.7109         302.50
11:07:53         2.26794104586502         185.3280         0.7259         302.60
11:07:57         2.2579410050259         181.1094         0.7484         302.50
11:08:01         2.24794110456092         176.9869         0.7607         302.60
11:08:05         2.23794090417789         172.9581         0.7597         302.60
11:08:09         2.22794093125956         169.0211         0.7542         302.60
11:08:13         2.2179411540191         165.1738         0.7527         302.60
11:08:17         2.20794091645504         161.4139         0.7697         302.60
11:08:21         2.19794101139409         157.7397         0.7764         302.60
11:08:25         2.18794097548779         154.1491         0.7903         302.50
11:08:29         2.17794118506856         150.6403         0.7870         302.60
11:08:33         2.16794115885206         147.2113         0.7881         302.50
11:08:37         2.15794125547707         143.8604         0.7893         302.60
11:08:41         2.14794112714743         140.5857         0.8029         302.60
11:08:45         2.13794123011743         137.3856         0.8058         302.50
11:08:49         2.12794114630491         134.2583         0.8051         302.50
11:08:53         2.1179410982028         131.2022         0.8009         302.60
11:08:57         2.10794120180196         128.2157         0.7748         302.60
11:09:00         2.09794100637999         125.2971         0.8043         302.60
11:09:04         2.08794105447269         122.4450         0.8186         302.60
11:09:08         2.07794100926903         119.6578         0.8426         302.60
11:09:12         2.06794116732695         116.9341         0.8337         302.60
11:09:16         2.05794134835199         114.2724         0.8371         302.60
11:09:20         2.04794119707109         111.6712         0.8141         302.60
11:09:24         2.03794138132285         109.1293         0.8151         302.60
11:09:28         2.02794132377737         106.6452         0.8199         302.60
11:09:32         2.01794105919612         104.2176         0.8302         302.60
11:09:36         2.00794140947349         101.8454         0.8551         302.60
11:09:40         1.99794134816669         99.5271         0.8464         302.60
11:09:44         1.98794139481766         97.2616         0.8574         302.60
11:09:48         1.97794115423626         95.0476         0.8467         302.50
11:09:52         1.96794138609272         92.8841         0.8418         302.50
11:09:56         1.95794137029725         90.7698         0.8354         302.60
11:10:00         1.94794123617455         88.7036         0.8533         302.60
11:10:04         1.93794145675598         86.6845         0.8475         302.60
11:10:08         1.92794136560506         84.7113         0.8406         302.60
11:10:12         1.91794114583912         82.7830         0.8620         302.60
11:10:16         1.90794152613697         80.8987         0.8504         302.60
11:10:20         1.89794141535595         79.0572         0.8626         302.60
11:10:24         1.88794120638848         77.2576         0.8611         302.60
11:10:28         1.87794120250614         75.4990         0.8459         302.60
11:10:32         1.86794160770528         73.7805         0.8354         302.60
11:10:35         1.85794127567972         72.1010         0.8331         302.60
11:10:39         1.84794141054217         70.4598         0.8400         302.60
11:10:43         1.83794118209557         68.8559         0.8401         302.60
11:10:47         1.82794147383586         67.2886         0.8398         302.60
11:10:51         1.81794131092724         65.7569         0.8354         302.60
11:10:55         1.80794140596448         64.2601         0.8488         302.60
11:10:59         1.7979416728975         62.7974         0.8484         302.60
11:11:03         1.7879412680525         61.3679         0.8522         302.60
11:11:07         1.77794129550171         59.9710         0.8316         302.60
11:11:11         1.76794133830984         58.6059         0.8293         302.60
11:11:15         1.75794159244974         57.2719         0.8342         302.60
11:11:19         1.74794134503881         55.9682         0.8241         302.60
11:11:23         1.73794126333568         54.6942         0.8241         302.60
11:11:27         1.72794120666966         53.4492         0.8456         302.60
11:11:31         1.71794165409301         52.2326         0.8318         302.60
11:11:35         1.70794128116157         51.0436         0.8240         302.60
11:11:39         1.69794123397439         49.8817         0.8261         302.60
11:11:43         1.68794165466216         48.7463         0.8289         302.60
11:11:47         1.67794166544869         47.6367         0.8348         302.60
11:11:51         1.66794113827727         46.5523         0.8205         302.60
11:11:54         1.65794170034898         45.4927         0.8377         302.60
11:11:58         1.64794112880411         44.4571         0.8415         302.60
11:12:02         1.63794181956938         43.4452         0.8406         302.60
11:12:06         1.62794111685212         42.4562         0.8417         302.60
11:12:10         1.61794133609516         41.4898         0.8208         302.60
11:12:14         1.60794157550638         40.5454         0.8548         302.60
11:12:18         1.59794188913101         39.6225         0.8395         302.60
11:12:22         1.58794207979169         38.7206         0.8380         302.60
11:12:26         1.57794193521317         37.8392         0.8235         302.60
11:12:30         1.567942260778         36.9779         0.8195         302.60
11:12:34         1.55794128862757         36.1361         0.8121         302.60
11:12:38         1.54794197660411         35.3136         0.8188         302.60
11:12:42         1.53794119365063         34.5097         0.8116         302.60
11:12:46         1.52794167168711         33.7242         0.8202         302.60
11:12:50         1.51794109641154         32.9565         0.8318         302.60
11:12:54         1.50794220712774         32.2064         0.8247         302.60
11:12:57         1.49794229430093         31.4733         0.8116         302.60
11:13:01         1.48794114433291         30.7568         0.8113         302.60
11:13:05         1.47794129302304         30.0567         0.7951         302.60
11:13:09         1.46794239925927         29.3726         0.7957         302.60
11:13:13         1.45794242852088         28.7040         0.8073         302.60
11:13:17         1.4479421560176         28.0506         0.8142         302.60
11:13:21         1.43794230490244         27.4121         0.8327         302.60
11:13:25         1.42794189996098         26.7881         0.8391         302.60
11:13:29         1.41794145458524         26.1783         0.8417         302.60
11:13:33         1.40794127444831         25.5824         0.8325         302.60
11:13:37         1.39794173163867         25.0001         0.8307         302.50
11:13:41         1.38794123936677         24.4310         0.8041         302.60
11:13:45         1.37794157609491         23.8749         0.8061         302.50
11:13:49         1.36794264405843         23.3315         0.8331         302.50
11:13:53         1.35794246194978         22.8004         0.8258         302.50
11:13:57         1.34794248850841         22.2814         0.8208         302.60
11:14:00         1.33794221644163         21.7742         0.8311         302.60
11:14:04         1.32794100158388         21.2785         0.8340         302.60
11:14:08         1.31794223546809         20.7942         0.7976         302.60
11:14:12         1.30794293788719         20.3209         0.7930         302.60
11:14:16         1.29794205102563         19.8583         0.8116         302.60
11:14:20         1.28794273165883         19.4063         0.8086         302.60
11:14:24         1.27794140677791         18.9645         0.7901         302.60
11:14:28         1.26794105480431         18.5328         0.7794         302.60
11:14:32         1.25794243203673         18.1110         0.7780         302.60
11:14:36         1.24794136665739         17.6987         0.8144         302.60
11:14:40         1.23794317430772         17.2959         0.8115         302.60
11:14:44         1.22794325426722         16.9022         0.8072         302.60
11:14:48         1.21794170567168         16.5174         0.8017         302.60
11:14:52         1.20794118331087         16.1414         0.7913         302.60
11:14:56         1.19794184111121         15.7740         0.7838         302.60
11:15:00         1.1879407068027         15.4149         0.7928         302.60
11:15:03         1.17794319764919         15.0641         0.7840         302.60
11:15:07         1.16794321268479         14.7212         0.7756         302.60
11:15:11         1.15794306924945         14.3861         0.8011         302.60
11:15:15         1.14794208756565         14.0586         0.7930         302.60
11:15:19         1.13794247216939         13.7386         0.8015         302.50
11:15:23         1.12794342296647         13.4259         0.7895         302.60
11:15:27         1.11794046053426         13.1202         0.7944         302.60
11:15:31         1.10794222257636         12.8216         0.7811         302.60
11:15:35         1.09794068243622         12.5297         0.7861         302.50
11:15:39         1.08794106123777         12.2445         0.7640         302.60
11:15:43         1.07794174999367         11.9658         0.7539         302.60
11:15:47         1.06794082021506         11.6934         0.7739         302.60
11:15:51         1.05794364625217         11.4273         0.7758         302.60
11:15:55         1.04794040336928         11.1671         0.7707         302.60
11:15:59         1.03794415945378         10.9130         0.7520         302.60
11:16:03         1.02794050820449         10.6645         0.7681         302.60
11:16:06         1.01794272038414         10.4218         0.7895         302.60
11:16:10         1.00794397149197         10.1846         0.7510         302.60
11:16:14         0.997940898731541         9.9527         0.7484         302.60
11:16:18         0.987943200361163         9.7262         0.7268         302.60
11:16:22         0.977942975691964         9.5048         0.7483         302.60
11:16:26         0.967940895596191         9.2884         0.7381         302.60
11:16:30         0.957942319383955         9.0770         0.7388         302.60
11:16:34         0.947943225252336         8.8704         0.7466         302.60
11:16:38         0.937943950846419         8.6685         0.7297         302.60
11:16:42         0.927939801039402         8.4711         0.7381         302.60
11:16:46         0.917941175857998         8.2783         0.7410         302.60
11:16:50         0.907943154192368         8.0899         0.7516         302.60
11:16:54         0.897940341373011         7.9057         0.7281         302.60
11:16:58         0.887943463350021         7.7258         0.7016         302.60
11:17:02         0.877941202506144         7.5499         0.7103         302.60
11:17:06         0.867944532389962         7.3781         0.7021         302.60
11:17:09         0.857941298657235         7.2101         0.7175         302.60
11:17:13         0.84794263908035         7.0460         0.7278         302.60
11:17:17         0.837941795635856         6.8856         0.7019         302.60
11:17:21         0.827944071327013         6.7289         0.7008         302.60
11:17:25         0.817941978576874         6.5757         0.7315         302.60
11:17:29         0.807940729207681         6.4260         0.7214         302.60
11:17:33         0.797945808208702         6.2798         0.6862         302.60
11:17:37         0.787941956455818         6.1368         0.6775         302.60
11:17:41         0.77794128168918         5.9971         0.6815         302.60
11:17:45         0.767942080357818         5.8606         0.6801         302.60
11:17:49         0.757942351781784         5.7272         0.6798         302.60
11:17:53         0.747939776195038         5.5968         0.6564         302.60
11:17:57         0.737939680666255         5.4694         0.6715         302.60
11:18:01         0.727939594883834         5.3449         0.6856         302.50
11:18:05         0.717944968588016         5.2233         0.6775         302.60
11:18:09         0.707944713434125         5.1044         0.6381         302.60
11:18:12         0.697943874369764         4.9882         0.6448         302.60
11:18:16         0.687938978239886         4.8746         0.6322         302.60
11:18:20         0.677944404195701         4.7637         0.5984         302.60
11:18:24         0.667938344612413         4.6552         0.5878         302.60
11:18:28         0.657944595480978         4.5493         0.6142         302.60
11:18:32         0.647940169224579         4.4457         0.6075         302.60
11:18:36         0.637939808041573         4.3445         0.6436         302.60
11:18:40         0.627939097487999         4.2456         0.6339         302.60
11:18:44         0.617943452398239         4.1490         0.6290         302.60
11:18:48         0.607937315786828         4.0545         0.6116         302.60
11:18:52         0.597947361261676         3.9623         0.6311         302.60
11:18:56         0.587946577653098         3.8721         0.6087         302.60
11:19:00         0.577939653034391         3.7839         0.6010         302.60
11:19:04         0.567943408840229         3.6978         0.6189         302.60
11:19:08         0.557940079433036         3.6136         0.6129         302.60
11:19:12         0.547946908409782         3.5314         0.6009         302.60
11:19:15         0.537944956171069         3.4510         0.6206         302.60
11:19:19         0.527939086475375         3.3724         0.6160         302.60
11:19:23         0.517947681646819         3.2957         0.6084         302.60
11:19:27         0.507936773728458         3.2206         0.6003         302.60
11:19:31         0.497938142432874         3.1473         0.5875         302.60
11:19:35         0.487943978946967         3.0757         0.5481         302.60
11:19:39         0.47794564741992         3.0057         0.5559         302.60
11:19:43         0.467948300380149         2.9373         0.5634         302.60
11:19:47         0.457942414091686         2.8704         0.5905         302.60
11:19:51         0.447948342633757         2.8051         0.6227         302.60
11:19:55         0.437940718431263         2.7412         0.5960         302.60
11:19:59         0.427940307457032         2.6788         0.5373         302.60
11:20:03         0.417936462927461         2.6178         0.5299         302.60
11:20:07         0.407934474653404         2.5582         0.5394         302.60
11:20:11         0.397940008672038         2.5000         0.5534         302.60
11:20:15         0.387941239366765         2.4431         0.5991         302.60
11:20:18         0.377943388929616         2.3875         0.5568         302.60
11:20:22         0.367951963639655         2.3332         0.5273         302.60
11:20:26         0.357934841550776         2.2800         0.5510         302.60
11:20:30         0.347934690606402         2.2281         0.5272         302.60
11:20:34         0.337938240953557         2.1774         0.5266         302.60
11:20:38         0.327951191133478         2.1279         0.5171         302.60
11:20:42         0.317938052702283         2.0794         0.5133         302.60
11:20:46         0.307945067774797         2.0321         0.5095         302.60
11:20:50         0.29793551244985         1.9858         0.5019         302.60
11:20:54         0.287936035453707         1.9406         0.4738         302.60
11:20:58         0.277952845073305         1.8965         0.4924         302.60
11:21:02         0.267945719974534         1.8533         0.5196         302.60
11:21:06         0.257942432036734         1.8111         0.5394         302.60
11:21:10         0.247948720505255         1.7699         0.5058         302.60
11:21:14         0.237945664731862         1.7296         0.5298         302.60
11:21:18         0.22793808996905         1.6902         0.5096         302.60
11:21:21         0.217931174001528         1.6517         0.4666         302.60
11:21:25         0.207930431970445         1.6141         0.4807         302.60
11:21:29         0.197941827982788         1.5774         0.4253         302.60
11:21:33         0.187943521270708         1.5415         0.5243         302.60
11:21:37         0.177940303874248         1.5064         0.5698         302.60
11:21:41         0.16793731844012         1.4721         0.5043         302.60
11:21:45         0.157940039093723         1.4386         0.4831         302.60
11:21:49         0.147954431402178         1.4059         0.4765         302.60
11:21:53         0.137955141197899         1.3739         0.4678         302.60
11:21:57         0.127946638961957         1.3426         0.4645         302.60
11:22:01         0.117933847035578         1.3120         0.4900         302.60
11:22:05         0.107955765376682         1.2822         0.4706         302.60
11:22:09         0.0979510782661857         1.2530         0.4390         302.60
11:22:13         0.0879587684898214         1.2245         0.4257         302.60
11:22:17         0.0779489841071468         1.1966         0.4109         302.60
11:22:21         0.0679259348756243         1.1693         0.4039         302.60
11:22:24         0.057932210997715         1.1427         0.4236         302.60
11:22:28         0.047936536833872         1.1167         0.4262         302.60
11:22:32         0.0379441594537771         1.0913         0.4225         302.60
11:22:36         0.027960838814536         1.0665         0.3662         302.60
11:22:40         0.017951056034301         1.0422         0.3436         302.60
11:22:44         0.00796102072995762         1.0185         0.3741         302.60
#------------------------------------------------------------------
# Дата окончания эксперимента
#----------------------
# 24.12.2019
# 11:22:49
#----------------------
# Количество точек в скане 398
