13:53:40         3.30102999566398         2000.0000         1.6840         282.40
13:53:44         3.29102992437656         1954.4741         1.6640         282.40
13:53:47         3.28102995321391         1909.9850         1.6690         282.40
13:53:51         3.27102995407465         1866.5084         1.6850         282.40
13:53:55         3.26102994939292         1824.0215         1.7300         282.40
13:53:59         3.25102995490658         1782.5017         1.7230         282.40
13:54:03         3.24102998172989         1741.9271         1.7210         282.40
13:54:07         3.23102997642031         1702.2760         1.7280         282.40
13:54:11         3.22103000759096         1663.5276         1.7340         282.40
13:54:15         3.21103002250831         1625.6611         1.7620         282.40
13:54:19         3.2010300024141         1588.6565         1.7710         282.40
13:54:23         3.19103003804687         1552.4944         1.7770         282.40
13:54:27         3.18103003098197         1517.1553         1.7780         282.40
13:54:31         3.17103003165459         1482.6206         1.7910         282.40
13:54:35         3.16103004067469         1448.8721         1.8040         282.40
13:54:39         3.15103008060782         1415.8918         1.8280         282.40
13:54:43         3.141030086564         1383.6622         1.8520         282.40
13:54:47         3.13103009490403         1352.1663         1.8120         282.40
13:54:51         3.12103009788426         1321.3872         1.7960         282.40
13:54:55         3.11103008235111         1291.3087         1.8180         282.40
13:54:59         3.10103011615342         1261.9150         1.8680         282.40
13:55:03         3.09103010268688         1233.1903         1.8450         282.40
13:55:07         3.08103011627678         1205.1195         1.8800         282.30
13:55:11         3.07103015549926         1177.6877         1.8820         282.40
13:55:15         3.06103013692784         1150.8802         1.8990         282.30
13:55:19         3.0510301713955         1124.6831         1.8990         282.40
13:55:22         3.04103015593596         1099.0822         1.9250         282.40
13:55:26         3.03103019548157         1074.0641         1.9350         282.40
13:55:30         3.02103017604328         1049.6154         1.9310         282.40
13:55:34         3.01103020678083         1025.7233         1.9620         282.40
13:55:38         3.0010301735954         1002.3749         1.9500         282.40
13:55:42         2.99103025671391         979.5582         1.9770         282.40
13:55:46         2.98103022092168         957.2607         2.0020         282.40
13:55:50         2.97103024757706         935.4708         1.9910         282.40
13:55:54         2.96103023350736         914.1769         1.9890         282.40
13:55:58         2.9510302345878         893.3677         1.9700         282.40
13:56:02         2.94103027527481         873.0322         2.0280         282.40
13:56:06         2.93103028547744         853.1596         2.0450         282.40
13:56:10         2.92103028315221         833.7393         2.0620         282.40
13:56:14         2.91103029031945         814.7611         2.0690         282.40
13:56:18         2.90103030312168         796.2149         2.0470         282.40
13:56:22         2.89103032573351         778.0909         2.0620         282.40
13:56:26         2.88103026971559         760.3793         2.1340         282.40
13:56:30         2.8710303029097         743.0710         2.1190         282.40
13:56:34         2.86103033519351         726.1567         2.1570         282.40
13:56:38         2.85103036403149         709.6274         2.1620         282.40
13:56:42         2.8410303734825         693.4743         2.1790         282.30
13:56:46         2.83103037474413         677.6889         2.1820         282.40
13:56:50         2.82103037235207         662.2628         2.1550         282.30
13:56:54         2.81103040727649         647.1879         2.1730         282.40
13:56:57         2.80103039647127         632.4561         2.1950         282.40
13:57:01         2.79103042140038         618.0597         2.2350         282.40
13:57:05         2.7810303995363         603.9909         2.2320         282.40
13:57:09         2.77103038215422         590.2424         2.2430         282.40
13:57:13         2.76103043548023         576.8069         2.2970         282.40
13:57:17         2.75103045702406         563.6772         2.3020         282.30
13:57:21         2.74103044727431         550.8463         2.3160         282.30
13:57:25         2.73103052523477         538.3076         2.2950         282.30
13:57:29         2.72103049169938         526.0542         2.3480         282.30
13:57:33         2.71103046483254         514.0797         2.3420         282.30
13:57:37         2.70103052547502         502.3779         2.3400         282.30
13:57:41         2.69103055314189         490.9424         2.3750         282.30
13:57:45         2.68103056424172         479.7672         2.3810         282.30
13:57:49         2.67103050551397         468.8463         2.4080         282.30
13:57:53         2.66103053806988         458.1741         2.4500         282.30
13:57:57         2.65103056240999         447.7448         2.4530         282.30
13:58:01         2.64103055365088         437.5529         2.4360         282.40
13:58:05         2.63103057374469         427.5930         2.4650         282.40
13:58:09         2.62103059439707         417.8598         2.4730         282.40
13:58:13         2.61103055410758         408.3481         2.4940         282.40
13:58:17         2.60103058992606         399.0530         2.5360         282.40
13:58:21         2.5910306560529         389.9695         2.5190         282.40
13:58:25         2.58103064388182         381.0927         2.5140         282.40
13:58:29         2.57103066262532         372.4180         2.5370         282.40
13:58:32         2.56103063125023         363.9407         2.5740         282.40
13:58:36         2.5510306313484         355.6564         2.6030         282.40
13:58:40         2.54103066256561         347.5607         2.5550         282.40
13:58:44         2.53103059656507         339.6492         2.6220         282.40
13:58:48         2.52103068420112         331.9179         2.6320         282.40
13:58:52         2.51103062270767         324.3625         2.6480         282.40
13:58:56         2.50103062175664         316.9791         2.6740         282.40
13:59:00         2.49103065484131         309.7638         2.6840         282.40
13:59:04         2.48103065250521         302.7127         2.6750         282.40
13:59:08         2.47103076928534         295.8222         2.6910         282.40
13:59:12         2.46103067961883         289.0884         2.7280         282.40
13:59:16         2.45103074383048         282.5080         2.7220         282.30
13:59:20         2.44103070057382         276.0773         2.7450         282.30
13:59:24         2.43103082355296         269.7931         2.7780         282.30
13:59:28         2.42103073151788         263.6518         2.8150         282.40
13:59:32         2.41103080523355         257.6504         2.8370         282.40
13:59:36         2.40103072845939         251.7855         2.8550         282.30
13:59:40         2.39103078120497         246.0542         2.8250         282.30
13:59:44         2.38103072882239         240.4533         2.8280         282.40
13:59:48         2.37103072236035         234.9799         2.8560         282.40
13:59:52         2.36103088601593         229.6312         2.8980         282.40
13:59:56         2.35103078459992         224.4041         2.9180         282.40
14:00:00         2.34103090184376         219.2961         2.9260         282.40
14:00:04         2.3310308974366         214.3043         2.9950         282.40
14:00:07         2.32103080872359         209.4261         2.9950         282.40
14:00:11         2.31103084050366         204.6590         2.9660         282.40
14:00:15         2.30103085714815         200.0004         2.9830         282.40
14:00:19         2.29103078558394         195.4478         2.9990         282.40
14:00:23         2.28103086917684         190.9989         3.0400         282.30
14:00:27         2.27103078486198         186.6512         3.0550         282.40
14:00:31         2.26103103204809         182.4026         3.0670         282.40
14:00:35         2.25103098842615         178.2506         3.0540         282.30
14:00:39         2.24103094802022         174.1931         3.0660         282.30
14:00:43         2.23103098857582         170.2280         3.0850         282.30
14:00:47         2.22103090788083         166.3531         3.0840         282.30
14:00:51         2.21103104975413         162.5665         3.0930         282.40
14:00:55         2.20103095347593         158.8660         3.0830         282.40
14:00:59         2.19103105394648         155.2498         3.1130         282.30
14:01:03         2.18103108801653         151.7159         3.1210         282.30
14:01:07         2.17103104179626         148.2624         3.1660         282.30
14:01:11         2.16103090969016         144.8875         3.1780         282.30
14:01:15         2.15103102602872         141.5895         3.1830         282.30
14:01:19         2.14103095822025         138.3665         3.2050         282.30
14:01:23         2.13103098686372         135.2169         3.2160         282.30
14:01:27         2.1210310407105         132.1390         3.2570         282.40
14:01:31         2.11103117030281         129.1312         3.2730         282.40
14:01:35         2.10103114542462         126.1918         3.2850         282.40
14:01:39         2.09103104308522         123.3193         3.2660         282.40
14:01:42         2.08103101259334         120.5122         3.2810         282.30
14:01:46         2.0710309770354         117.7690         3.3210         282.30
14:01:50         2.06103118488881         115.0883         3.3750         282.30
14:01:54         2.05103127911934         112.4686         3.3620         282.30
14:01:58         2.04103128343263         109.9085         3.4030         282.30
14:02:02         2.03103097288122         107.4066         3.3840         282.30
14:02:06         2.02103126828751         104.9618         3.4090         282.30
14:02:10         2.01103094975145         102.5725         3.3840         282.40
14:02:14         2.00103109914944         100.2377         3.3680         282.30
14:02:18         1.99103104822972         97.9560         3.5130         282.40
14:02:22         1.98103128701285         95.7263         3.4520         282.40
14:02:26         1.97103126766148         93.5473         3.4260         282.40
14:02:30         1.96103124110803         91.4179         3.4530         282.40
14:02:34         1.95103135467165         89.3370         3.4790         282.40
14:02:38         1.94103114818891         87.3034         3.4940         282.40
14:02:42         1.93103100007506         85.3161         3.4970         282.40
14:02:46         1.92103115746402         83.3741         3.5940         282.40
14:02:50         1.91103131513127         81.4763         3.5560         282.40
14:02:54         1.90103142671018         79.6217         3.5480         282.40
14:02:58         1.89103152659403         77.8093         3.5750         282.40
14:03:02         1.88103126323983         76.0381         3.5730         282.40
14:03:06         1.8710314622658         74.3073         3.5610         282.40
14:03:10         1.8610311200172         72.6158         3.5040         282.40
14:03:14         1.85103134456587         70.9629         3.4730         282.40
14:03:17         1.84103145330386         69.3476         3.5640         282.40
14:03:21         1.83103105924137         67.7690         3.5650         282.40
14:03:25         1.82103116284994         66.2264         3.5830         282.40
14:03:29         1.81103114451175         64.7189         3.6220         282.40
14:03:33         1.8010316904892         63.2458         3.6380         282.40
14:03:37         1.79103133276556         61.8061         3.6790         282.40
14:03:41         1.78103118949809         60.3992         3.6930         282.40
14:03:45         1.77103157224275         59.0244         3.6580         282.40
14:03:49         1.76103128564918         57.6808         3.6440         282.30
14:03:53         1.75103109774675         56.3678         3.6150         282.30
14:03:57         1.7410317826278         55.0848         3.7050         282.30
14:04:01         1.73103162701846         53.8309         3.7400         282.30
14:04:05         1.72103114675308         52.6055         3.7190         282.40
14:04:09         1.71103155408884         51.4081         3.7380         282.40
14:04:13         1.70103147521753         50.2379         3.7520         282.30
14:04:17         1.69103106607079         49.0943         3.8910         282.30
14:04:21         1.68103126868112         47.9768         3.8150         282.40
14:04:25         1.6710311486235         46.8847         3.7590         282.40
14:04:29         1.66103139864815         45.8175         3.7680         282.40
14:04:33         1.65103172424081         44.7746         3.7850         282.30
14:04:37         1.64103167439118         43.7554         3.8190         282.40
14:04:40         1.63103159660713         42.7594         3.7860         282.40
14:04:44         1.62103182346213         41.7861         3.7690         282.30
14:04:48         1.61103149534969         40.8349         3.7590         282.30
14:04:52         1.60103166103334         39.9054         3.8300         282.40
14:04:56         1.59103121682627         38.9970         3.8300         282.40
14:05:00         1.5810321306358         38.1094         3.8280         282.30
14:05:04         1.57103184592507         37.2419         3.8700         282.40
14:05:08         1.56103098631549         36.3941         4.1030         282.40
14:05:12         1.55103136733596         35.5657         4.0890         282.40
14:05:16         1.54103103436454         34.7561         3.9110         282.40
14:05:20         1.53103162087782         33.9650         3.8530         282.40
14:05:24         1.52103209174554         33.1919         3.8970         282.30
14:05:28         1.51103128669041         32.4363         3.9090         282.30
14:05:32         1.5010318604434         31.6980         3.8730         282.40
14:05:36         1.49103094899634         30.9764         3.8940         282.30
14:05:40         1.48103106296895         30.2713         3.9060         282.30
14:05:43         1.47103193975273         29.5823         3.8840         282.30
14:05:47         1.46103155642724         28.9089         3.8810         282.40
14:05:51         1.45103229199389         28.2509         3.8710         282.40
14:05:55         1.44103179272945         27.6078         3.9150         282.40
14:05:59         1.43103229730381         26.9794         3.9860         282.40
14:06:03         1.42103107083615         26.3652         3.9940         282.40
14:06:07         1.41103184046854         25.7651         3.9240         282.40
14:06:11         1.40103158383445         25.1786         3.9440         282.30
14:06:15         1.39103218168281         24.6055         3.9500         282.30
14:06:19         1.38103201723398         24.0454         3.9880         282.40
14:06:23         1.37103088451949         23.4980         3.9670         282.40
14:06:27         1.36103240108363         22.9632         3.9970         282.40
14:06:31         1.35103253428978         22.4405         3.9790         282.30
14:06:35         1.34103270739778         21.9297         4.0450         282.30
14:06:39         1.33103230440445         21.4305         3.9660         282.30
14:06:43         1.32103265981775         20.9427         3.9140         282.30
14:06:46         1.31103085669354         20.4659         3.9780         282.30
14:06:50         1.30103214937121         20.0001         4.0490         282.40
14:06:54         1.29103122635871         19.5448         4.0070         282.40
14:06:58         1.28103107734996         19.0999         3.9630         282.40
14:07:02         1.27103263105038         18.6652         4.0510         282.40
14:07:06         1.26103195847907         18.2403         3.9830         282.40
14:07:10         1.25103197361338         17.8251         4.0010         282.40
14:07:14         1.24103070074141         17.4193         4.0460         282.40
14:07:18         1.23103100804033         17.0228         4.0790         282.40
14:07:22         1.22103062903019         16.6353         4.0030         282.40
14:07:26         1.21103240514421         16.2567         4.0000         282.40
14:07:30         1.20103094826178         15.8866         4.0500         282.40
14:07:34         1.19103159817743         15.5250         4.0940         282.40
14:07:38         1.18103139376985         15.1716         4.1520         282.40
14:07:42         1.17103277378147         14.8263         4.0780         282.30
14:07:46         1.16103241902868         14.4888         4.1070         282.30
14:07:49         1.15103259392517         14.1590         4.0200         282.30
14:07:53         1.1410325386914         13.8367         4.0400         282.40
14:07:57         1.13103129316814         13.5217         4.0320         282.40
14:08:01         1.12103100309779         13.2139         4.0300         282.40
14:08:05         1.11103052240738         12.9131         4.0210         282.30
14:08:09         1.10103181497473         12.6192         4.0360         282.40
14:08:13         1.09103350826265         12.3320         4.0900         282.40
14:08:17         1.08103029086619         12.0512         4.1730         282.30
14:08:21         1.07103099813648         11.7769         4.0530         282.40
14:08:25         1.06103380478017         11.5089         4.0710         282.30
14:08:29         1.05103281843835         11.2469         4.0810         282.30
14:08:33         1.0410332580521         10.9909         4.0150         282.30
14:08:37         1.03103257703484         10.7407         4.0170         282.30
14:08:41         1.02103208115536         10.4962         4.0500         282.40
14:08:45         1.01103307367133         10.2573         4.0670         282.40
14:08:49         1.00103238831071         10.0238         4.0340         282.40
14:08:52         0.99103103977336         9.7956         4.1300         282.40
14:08:56         0.981029928438414         9.5726         4.0980         282.40
14:09:00         0.971029868586754         9.3547         4.1400         282.40
14:09:04         0.961031712287388         9.1418         4.1340         282.30
14:09:08         0.95103134539944         8.9337         4.2130         282.40
14:09:12         0.941034146445721         8.7304         3.9820         282.30
14:09:16         0.931030485487219         8.5316         4.0210         282.40
14:09:20         0.92103066069616         8.3374         3.9940         282.40
14:09:24         0.911029708778342         8.1476         3.9600         282.40
14:09:28         0.901033091280384         7.9622         3.9850         282.30
14:09:32         0.891029833890741         7.7809         4.1780         282.40
14:09:36         0.881030674969172         7.6038         3.9060         282.30
14:09:40         0.871029717656647         7.4307         3.9670         282.30
14:09:44         0.861032323486818         7.2616         3.9990         282.40
14:09:48         0.851031974908232         7.0963         3.6880         282.40
14:09:52         0.841033949783206         6.9348         3.9530         282.30
14:09:55         0.831031065352949         6.7769         4.1060         282.40
14:09:59         0.821035096556082         6.6227         4.0290         282.30
14:10:03         0.811031797271099         6.4719         3.9300         282.30
14:10:07         0.801033078803748         6.3246         3.9750         282.40
14:10:11         0.791030649241858         6.1806         4.0530         282.30
14:10:15         0.781029735747858         6.0399         4.0230         282.30
14:10:19         0.771036006977885         5.9025         4.1110         282.40
14:10:23         0.761032764824298         5.7681         4.0480         282.40
14:10:27         0.751032611376882         5.6368         3.9990         282.30
14:10:31         0.741033361587772         5.5085         4.0210         282.40
14:10:35         0.731032450276801         5.3831         4.1110         282.30
14:10:39         0.721035288055296         5.2606         4.1250         282.30
14:10:43         0.71103070814299         5.1408         4.0620         282.30
14:10:47         0.701032332622174         5.0238         4.0270         282.30
14:10:51         0.691028417056476         4.9094         4.1240         282.40
14:10:55         0.681033081571392         4.7977         3.8640         282.30
14:10:58         0.671033913630308         4.6885         3.8920         282.30
14:11:02         0.66103612637443         4.5818         3.9920         282.30
14:11:06         0.651035590821009         4.4775         3.9860         282.30
14:11:10         0.641027708244881         4.3755         4.0680         282.30
14:11:14         0.631027528389979         4.2759         4.2040         282.30
14:11:18         0.621030782721782         4.1786         4.2350         282.40
14:11:22         0.611032550187568         4.0835         4.0300         282.40
14:11:26         0.601027312238355         3.9905         3.9890         282.30
14:11:30         0.591031190274518         3.8997         4.2270         282.30
14:11:34         0.581027549721817         3.8109         4.0510         282.30
14:11:38         0.57103299697013         3.7242         3.9050         282.30
14:11:42         0.561029791383166         3.6394         3.6520         282.30
14:11:46         0.551035035609817         3.5566         3.7180         282.30
14:11:50         0.541029789075186         3.4756         3.7920         282.40
14:11:54         0.531031633072         3.3965         3.8650         282.30
14:11:58         0.521033426912011         3.3192         3.9530         282.40
14:12:01         0.511027277240759         3.2436         3.8600         282.30
14:12:05         0.501031866976549         3.1698         3.8800         282.30
14:12:09         0.491039372442162         3.0977         3.8900         282.30
14:12:13         0.481026780444867         3.0271         3.6090         282.30
14:12:17         0.471027529482336         2.9582         3.3650         282.30
14:12:21         0.461033053587815         2.8909         3.6420         282.30
14:12:25         0.451033816694884         2.8251         3.7340         282.30
14:12:29         0.441034928161002         2.7608         3.8880         282.40
14:12:33         0.431025857282779         2.6979         3.9210         282.30
14:12:37         0.42102775618796         2.6365         3.8760         282.40
14:12:41         0.411030136509016         2.5765         3.7680         282.40
14:12:45         0.401038476122047         2.5179         3.6840         282.40
14:12:49         0.391041001896223         2.4606         3.6550         282.40
14:12:53         0.381024782787827         2.4045         3.4970         282.40
14:12:57         0.371030919771465         2.3498         3.3880         282.30
14:13:01         0.36102861340446         2.2963         3.6790         282.40
14:13:04         0.351042223900341         2.2441         3.7490         282.40
14:13:08         0.341038647164249         2.1930         3.8050         282.40
14:13:12         0.331042441009326         2.1431         3.6100         282.40
14:13:16         0.321038899291793         2.0943         3.5230         282.40
14:13:20         0.311032991728216         2.0466         3.6520         282.40
14:13:24         0.301029995663981         2.0000         3.7160         282.30
14:13:28         0.291035665868102         1.9545         3.6710         282.40
14:13:32         0.281033359658124         1.9100         3.6920         282.40
14:13:36         0.271027998922214         1.8665         3.6080         282.40
14:13:40         0.261024834219467         1.8240         3.4280         282.40
14:13:44         0.251029545494599         1.7825         3.4850         282.40
14:13:48         0.241023210979777         1.7419         3.3450         282.30
14:13:52         0.231036087030058         1.7023         3.3220         282.40
14:13:56         0.221022792506945         1.6635         3.1830         282.40
14:14:00         0.211040404916797         1.6257         3.1090         282.40
14:14:04         0.201041910871892         1.5887         2.9810         282.40
14:14:07         0.191031611516415         1.5525         3.2930         282.40
14:14:11         0.181042832065248         1.5172         3.4470         282.40
14:14:15         0.171023988075455         1.4826         3.2800         282.30
14:14:19         0.161038407734938         1.4489         3.2980         282.30
14:14:23         0.151032579299295         1.4159         3.5690         282.30
14:14:27         0.141041945069729         1.3837         3.4920         282.30
14:14:31         0.131040941646657         1.3522         3.0240         282.30
14:14:35         0.121034317705331         1.3214         2.9760         282.30
14:14:39         0.111027170655649         1.2913         3.0210         282.30
14:14:43         0.101024922497756         1.2619         3.1970         282.30
14:14:47         0.0910334998662942         1.2332         3.3480         282.30
14:14:51         0.0810231078973135         1.2051         3.0500         282.40
14:14:55         0.0710346908094899         1.1777         3.0860         282.40
14:14:59         0.0610375924385666         1.1509         3.0200         282.40
14:15:03         0.0510366759183437         1.1247         2.8640         282.40
14:15:07         0.0410372053799406         1.0991         2.8150         282.40
14:15:10         0.0310447236787884         1.0741         2.9300         282.40
14:15:14         0.0210238241624422         1.0496         3.1220         282.30
14:15:18         0.0110203441291565         1.0257         2.9600         282.40
14:15:22         0.00104107558772532         1.0024         3.0930         282.30
#------------------------------------------------------------------
# Дата окончания эксперимента
#----------------------
# 26.12.2019
# 14:15:27
#----------------------
# Количество точек в скане 392
