14:20:20         3.39794000867204         2500.0000         0.3615         282.40
14:20:24         3.38793991568488         2443.0925         0.3551         282.40
14:20:28         3.37793996067067         2387.4812         0.3520         282.40
14:20:32         3.3679399614021         2333.1355         0.3677         282.40
14:20:36         3.35793996240098         2280.0269         0.3662         282.40
14:20:40         3.34793997981128         2228.1272         0.3578         282.40
14:20:44         3.33794000082483         2177.4089         0.3601         282.40
14:20:48         3.32793998319971         2127.8450         0.3685         282.40
14:20:52         3.31794000785154         2079.4094         0.3629         282.40
14:20:56         3.30794000942755         2032.0763         0.3542         282.30
14:21:00         3.29794002877041         1985.8207         0.3612         282.40
14:21:04         3.28794003739576         1940.6179         0.3635         282.40
14:21:08         3.27794004399003         1896.4441         0.3632         282.40
14:21:12         3.26794004466265         1853.2758         0.3712         282.40
14:21:16         3.25794005368275         1811.0901         0.3699         282.40
14:21:19         3.24794004868493         1769.8646         0.3696         282.40
14:21:23         3.23794006125746         1729.5776         0.3748         282.40
14:21:27         3.22794009222926         1690.2078         0.3737         282.40
14:21:31         3.21794007879607         1651.7339         0.3793         282.40
14:21:35         3.2079400871482         1614.1359         0.3729         282.40
14:21:39         3.19794009555258         1577.3937         0.3731         282.40
14:21:43         3.18794012429287         1541.4879         0.3735         282.40
14:21:47         3.17794013808304         1506.3994         0.3835         282.40
14:21:51         3.16794015050103         1472.1096         0.3915         282.40
14:21:55         3.15794015914875         1438.6003         0.3903         282.40
14:21:59         3.14794014669376         1405.8538         0.3815         282.40
14:22:03         3.13794015929698         1373.8527         0.3749         282.40
14:22:07         3.12794015913087         1342.5800         0.3865         282.40
14:22:11         3.11794017894964         1312.0192         0.3954         282.40
14:22:15         3.10794020945189         1282.1541         0.4013         282.40
14:22:19         3.09794019718123         1252.9686         0.3958         282.40
14:22:23         3.08794021560118         1224.4476         0.3899         282.40
14:22:27         3.0779402173153         1196.5758         0.3920         282.40
14:22:31         3.06794024925083         1169.3385         0.4016         282.40
14:22:35         3.05794023491713         1142.7211         0.4036         282.40
14:22:39         3.04794024759586         1116.7096         0.4074         282.40
14:22:43         3.03794023970325         1091.2902         0.4184         282.40
14:22:47         3.0279402798438         1066.4495         0.4134         282.40
14:22:51         3.01794026436707         1042.1741         0.4187         282.40
14:22:54         3.00794031634101         1018.4514         0.4179         282.40
14:22:58         2.99794030947142         995.2686         0.4066         282.40
14:23:02         2.98794030467455         972.6135         0.4140         282.40
14:23:06         2.97794032455629         950.4742         0.4178         282.40
14:23:10         2.96794029451423         928.8387         0.4179         282.40
14:23:14         2.95794032629949         907.6958         0.4233         282.40
14:23:18         2.94794035462731         887.0342         0.4282         282.40
14:23:22         2.93794033297722         866.8428         0.4300         282.40
14:23:26         2.92794036428369         847.1111         0.4324         282.40
14:23:30         2.91794036935003         827.8285         0.4347         282.40
14:23:34         2.90794042847605         808.9849         0.4396         282.40
14:23:38         2.89794040109701         790.5701         0.4445         282.40
14:23:42         2.88794041725331         772.5746         0.4378         282.40
14:23:46         2.87794038621227         754.9886         0.4362         282.40
14:23:50         2.86794040414409         737.8030         0.4453         282.40
14:23:54         2.85794044848828         721.0086         0.4459         282.40
14:23:58         2.84794040419634         704.5964         0.4440         282.40
14:24:02         2.83794047953074         688.5579         0.4582         282.40
14:24:06         2.82794045945596         672.8844         0.4605         282.40
14:24:10         2.81794046439641         657.5677         0.4668         282.40
14:24:14         2.8079404984656         642.5997         0.4657         282.40
14:24:18         2.79794048044319         627.9723         0.4628         282.40
14:24:22         2.78794049595963         613.6779         0.4633         282.40
14:24:26         2.77794051094954         599.7089         0.4707         282.40
14:24:29         2.76794054113688         586.0579         0.4718         282.40
14:24:33         2.7579405221509         572.7176         0.4727         282.40
14:24:37         2.74794058725838         559.6810         0.4718         282.40
14:24:41         2.73794056060088         546.9411         0.4759         282.40
14:24:45         2.72794056815522         534.4912         0.4805         282.40
14:24:49         2.7179405693437         522.3247         0.4915         282.40
14:24:53         2.70794062553762         510.4352         0.4922         282.40
14:24:57         2.69794064943186         498.8163         0.4976         282.40
14:25:01         2.6879405806966         487.4618         0.5017         282.40
14:25:05         2.67794058733401         476.3658         0.5046         282.40
14:25:09         2.66794058310454         465.5224         0.5127         282.40
14:25:13         2.65794066610846         454.9259         0.5043         282.40
14:25:17         2.64794063690341         444.5705         0.4996         282.40
14:25:21         2.63794060693382         434.4508         0.5045         282.40
14:25:25         2.62794072663757         424.5616         0.5138         282.40
14:25:29         2.61794061734837         414.8973         0.5156         282.40
14:25:33         2.60794071743674         405.4532         0.5235         282.40
14:25:37         2.59794067657697         396.2239         0.5328         282.40
14:25:41         2.58794073630729         387.2048         0.5280         282.40
14:25:45         2.5779406830264         378.3909         0.5296         282.40
14:25:49         2.56794072853022         369.7777         0.5289         282.40
14:25:53         2.55794068345764         361.3605         0.5353         282.40
14:25:57         2.54794077560419         353.1350         0.5437         282.40
14:26:01         2.53794066557497         345.0966         0.5318         282.40
14:26:04         2.52794075796083         337.2413         0.5406         282.40
14:26:08         2.5179408048492         329.5648         0.5475         282.40
14:26:12         2.50794081824161         322.0630         0.5533         282.40
14:26:16         2.4979407677867         314.7319         0.5588         282.40
14:26:20         2.48794070802963         307.5677         0.5650         282.40
14:26:24         2.47794087962866         300.5667         0.5623         282.40
14:26:28         2.46794078613127         293.7249         0.5647         282.30
14:26:32         2.45794077204664         287.0389         0.5740         282.40
14:26:36         2.44794075626501         280.5051         0.5722         282.30
14:26:40         2.43794086045844         274.1201         0.5739         282.40
14:26:44         2.42794079293944         267.8803         0.5811         282.40
14:26:48         2.41794096728805         261.7827         0.5786         282.40
14:26:52         2.4079407758003         255.8237         0.5772         282.40
14:26:56         2.3979408834098         250.0005         0.5786         282.40
14:27:00         2.38794088674699         244.3098         0.5864         282.40
14:27:04         2.37794082667204         238.7486         0.5885         282.40
14:27:08         2.36794098958997         233.3141         0.5905         282.40
14:27:12         2.35794095059641         228.0032         0.5933         282.40
14:27:16         2.34794091964498         222.8132         0.5989         282.40
14:27:20         2.33794099907116         217.7414         0.5983         282.40
14:27:24         2.32794101715548         212.7850         0.5981         282.40
14:27:28         2.317940976659         207.9414         0.6076         282.40
14:27:32         2.30794101384578         203.2081         0.6068         282.40
14:27:36         2.29794098316926         198.5825         0.6140         282.40
14:27:39         2.28794093890009         194.0622         0.6168         282.40
14:27:43         2.27794095251576         189.6448         0.6134         282.40
14:27:47         2.26794104586502         185.3280         0.6221         282.40
14:27:51         2.2579410050259         181.1094         0.6282         282.40
14:27:55         2.24794110456092         176.9869         0.6287         282.40
14:27:59         2.23794090417789         172.9581         0.6331         282.40
14:28:03         2.22794093125956         169.0211         0.6439         282.40
14:28:07         2.2179411540191         165.1738         0.6473         282.40
14:28:11         2.20794091645504         161.4139         0.6451         282.40
14:28:15         2.19794101139409         157.7397         0.6483         282.40
14:28:19         2.18794097548779         154.1491         0.6485         282.40
14:28:23         2.17794118506856         150.6403         0.6502         282.40
14:28:27         2.16794115885206         147.2113         0.6409         282.40
14:28:31         2.15794125547707         143.8604         0.6483         282.40
14:28:35         2.14794112714743         140.5857         0.6474         282.40
14:28:39         2.13794123011743         137.3856         0.6573         282.40
14:28:43         2.12794114630491         134.2583         0.6625         282.40
14:28:47         2.1179410982028         131.2022         0.6671         282.40
14:28:51         2.10794120180196         128.2157         0.6709         282.40
14:28:55         2.09794100637999         125.2971         0.6740         282.40
14:28:59         2.08794105447269         122.4450         0.6747         282.40
14:29:03         2.07794100926903         119.6578         0.6715         282.40
14:29:07         2.06794116732695         116.9341         0.6787         282.40
14:29:11         2.05794134835199         114.2724         0.6863         282.40
14:29:14         2.04794119707109         111.6712         0.6946         282.40
14:29:18         2.03794138132285         109.1293         0.7104         282.40
14:29:22         2.02794132377737         106.6452         0.7132         282.40
14:29:26         2.01794105919612         104.2176         0.6943         282.40
14:29:30         2.00794140947349         101.8454         0.6825         282.40
14:29:34         1.99794134816669         99.5271         0.6807         282.40
14:29:38         1.98794139481766         97.2616         0.6859         282.40
14:29:42         1.97794115423626         95.0476         0.6950         282.40
14:29:46         1.96794138609272         92.8841         0.6935         282.40
14:29:50         1.95794137029725         90.7698         0.7022         282.40
14:29:54         1.94794123617455         88.7036         0.7169         282.40
14:29:58         1.93794145675598         86.6845         0.7117         282.40
14:30:02         1.92794136560506         84.7113         0.7133         282.40
14:30:06         1.91794114583912         82.7830         0.7181         282.40
14:30:10         1.90794152613697         80.8987         0.7187         282.40
14:30:14         1.89794141535595         79.0572         0.7169         282.40
14:30:18         1.88794120638848         77.2576         0.7227         282.40
14:30:22         1.87794120250614         75.4990         0.7204         282.40
14:30:26         1.86794160770528         73.7805         0.7210         282.40
14:30:30         1.85794127567972         72.1010         0.7246         282.40
14:30:34         1.84794141054217         70.4598         0.7312         282.40
14:30:38         1.83794118209557         68.8559         0.7353         282.40
14:30:42         1.82794147383586         67.2886         0.7338         282.40
14:30:45         1.81794131092724         65.7569         0.7388         282.40
14:30:49         1.80794140596448         64.2601         0.7433         282.40
14:30:53         1.7979416728975         62.7974         0.7411         282.40
14:30:57         1.7879412680525         61.3679         0.7394         282.40
14:31:01         1.77794129550171         59.9710         0.7362         282.40
14:31:05         1.76794133830984         58.6059         0.7430         282.40
14:31:09         1.75794159244974         57.2719         0.7483         282.40
14:31:13         1.74794134503881         55.9682         0.7547         282.40
14:31:17         1.73794126333568         54.6942         0.7486         282.40
14:31:21         1.72794120666966         53.4492         0.7446         282.40
14:31:25         1.71794165409301         52.2326         0.7605         282.40
14:31:29         1.70794128116157         51.0436         0.7570         282.40
14:31:33         1.69794123397439         49.8817         0.7130         282.40
14:31:37         1.68794165466216         48.7463         0.7378         282.40
14:31:41         1.67794166544869         47.6367         0.7553         282.40
14:31:45         1.66794113827727         46.5523         0.7568         282.40
14:31:49         1.65794170034898         45.4927         0.7692         282.40
14:31:53         1.64794112880411         44.4571         0.7686         282.40
14:31:57         1.63794181956938         43.4452         0.7951         282.40
14:32:01         1.62794111685212         42.4562         0.7645         282.40
14:32:04         1.61794133609516         41.4898         0.7675         282.40
14:32:08         1.60794157550638         40.5454         0.7703         282.40
14:32:12         1.59794188913101         39.6225         0.7692         282.40
14:32:16         1.58794207979169         38.7206         0.7681         282.40
14:32:20         1.57794193521317         37.8392         0.7683         282.40
14:32:24         1.567942260778         36.9779         0.7782         282.40
14:32:28         1.55794128862757         36.1361         0.8395         282.40
14:32:32         1.54794197660411         35.3136         0.7819         282.40
14:32:36         1.53794119365063         34.5097         0.7834         282.40
14:32:40         1.52794167168711         33.7242         0.7918         282.40
14:32:44         1.51794109641154         32.9565         0.7904         282.40
14:32:48         1.50794220712774         32.2064         0.7841         282.40
14:32:52         1.49794229430093         31.4733         0.7944         282.40
14:32:56         1.48794114433291         30.7568         0.7875         282.40
14:33:00         1.47794129302304         30.0567         0.7928         282.40
14:33:04         1.46794239925927         29.3726         0.7948         282.40
14:33:07         1.45794242852088         28.7040         0.7925         282.40
14:33:11         1.4479421560176         28.0506         0.7962         282.40
14:33:15         1.43794230490244         27.4121         0.7979         282.40
14:33:19         1.42794189996098         26.7881         0.8083         282.40
14:33:23         1.41794145458524         26.1783         0.8064         282.40
14:33:27         1.40794127444831         25.5824         0.8020         282.40
14:33:31         1.39794173163867         25.0001         0.7922         282.40
14:33:35         1.38794123936677         24.4310         0.7782         282.40
14:33:39         1.37794157609491         23.8749         0.7922         282.40
14:33:43         1.36794264405843         23.3315         0.8051         282.40
14:33:47         1.35794246194978         22.8004         0.8170         282.40
14:33:51         1.34794248850841         22.2814         0.8141         282.40
14:33:55         1.33794221644163         21.7742         0.8424         282.40
14:33:59         1.32794100158388         21.2785         0.8081         282.40
14:34:03         1.31794223546809         20.7942         0.8046         282.40
14:34:07         1.30794293788719         20.3209         0.8226         282.40
14:34:10         1.29794205102563         19.8583         0.8232         282.40
14:34:14         1.28794273165883         19.4063         0.8139         282.40
14:34:18         1.27794140677791         18.9645         0.8029         282.40
14:34:22         1.26794105480431         18.5328         0.8054         282.40
14:34:26         1.25794243203673         18.1110         0.8685         282.40
14:34:30         1.24794136665739         17.6987         0.8916         282.40
14:34:34         1.23794317430772         17.2959         0.8507         282.40
14:34:38         1.22794325426722         16.9022         0.8241         282.40
14:34:42         1.21794170567168         16.5174         0.8136         282.40
14:34:46         1.20794118331087         16.1414         0.8221         282.40
14:34:50         1.19794184111121         15.7740         0.8208         282.40
14:34:54         1.1879407068027         15.4149         0.8253         282.40
14:34:58         1.17794319764919         15.0641         0.8185         282.40
14:35:02         1.16794321268479         14.7212         0.8110         282.40
14:35:06         1.15794306924945         14.3861         0.8170         282.40
14:35:10         1.14794208756565         14.0586         0.8350         282.40
14:35:13         1.13794247216939         13.7386         0.8418         282.40
14:35:17         1.12794342296647         13.4259         0.8368         282.40
14:35:21         1.11794046053426         13.1202         0.8377         282.40
14:35:25         1.10794222257636         12.8216         0.8310         282.40
14:35:29         1.09794068243622         12.5297         0.8521         282.40
14:35:33         1.08794106123777         12.2445         0.8388         282.40
14:35:37         1.07794174999367         11.9658         0.8437         282.40
14:35:41         1.06794082021506         11.6934         0.8356         282.40
14:35:45         1.05794364625217         11.4273         0.7922         282.40
14:35:49         1.04794040336928         11.1671         0.7941         282.40
14:35:53         1.03794415945378         10.9130         0.8311         282.40
14:35:57         1.02794050820449         10.6645         0.8174         282.40
14:36:01         1.01794272038414         10.4218         0.8076         282.40
14:36:05         1.00794397149197         10.1846         0.8104         282.40
14:36:09         0.997940898731541         9.9527         0.8006         282.40
14:36:13         0.987943200361163         9.7262         0.8244         282.40
14:36:16         0.977942975691964         9.5048         0.8324         282.40
14:36:20         0.967940895596191         9.2884         0.8257         282.40
14:36:24         0.957942319383955         9.0770         0.8487         282.40
14:36:28         0.947943225252336         8.8704         0.8446         282.40
14:36:32         0.937943950846419         8.6685         0.8315         282.40
14:36:36         0.927939801039402         8.4711         0.8415         282.40
14:36:40         0.917941175857998         8.2783         0.8482         282.40
14:36:44         0.907943154192368         8.0899         0.8302         282.40
14:36:48         0.897940341373011         7.9057         0.8389         282.40
14:36:52         0.887943463350021         7.7258         0.8354         282.40
14:36:56         0.877941202506144         7.5499         0.8113         282.40
14:37:00         0.867944532389962         7.3781         0.8145         282.40
14:37:04         0.857941298657235         7.2101         0.8197         282.40
14:37:08         0.84794263908035         7.0460         0.8157         282.40
14:37:12         0.837941795635856         6.8856         0.8199         282.40
14:37:16         0.827944071327013         6.7289         0.8189         282.40
14:37:19         0.817941978576874         6.5757         0.8418         282.40
14:37:23         0.807940729207681         6.4260         0.8109         282.40
14:37:27         0.797945808208702         6.2798         0.8168         282.40
14:37:31         0.787941956455818         6.1368         0.8302         282.40
14:37:35         0.77794128168918         5.9971         0.8148         282.40
14:37:39         0.767942080357818         5.8606         0.8038         282.40
14:37:43         0.757942351781784         5.7272         0.8362         282.40
14:37:47         0.747939776195038         5.5968         0.7689         282.40
14:37:51         0.737939680666255         5.4694         0.7823         282.40
14:37:55         0.727939594883834         5.3449         0.8376         282.40
14:37:59         0.717944968588016         5.2233         0.8670         282.40
14:38:03         0.707944713434125         5.1044         0.8177         282.40
14:38:07         0.697943874369764         4.9882         0.8557         282.40
14:38:11         0.687938978239886         4.8746         0.8211         282.40
14:38:15         0.677944404195701         4.7637         0.8287         282.40
14:38:19         0.667938344612413         4.6552         0.8290         282.40
14:38:22         0.657944595480978         4.5493         0.8301         282.40
14:38:26         0.647940169224579         4.4457         0.8379         282.40
14:38:30         0.637939808041573         4.3445         0.8374         282.40
14:38:34         0.627939097487999         4.2456         0.8531         282.40
14:38:38         0.617943452398239         4.1490         0.8084         282.40
14:38:42         0.607937315786828         4.0545         0.7813         282.40
14:38:46         0.597947361261676         3.9623         0.7898         282.40
14:38:50         0.587946577653098         3.8721         0.7881         282.40
14:38:54         0.577939653034391         3.7839         0.7954         282.40
14:38:58         0.567943408840229         3.6978         0.7985         282.40
14:39:02         0.557940079433036         3.6136         0.7648         282.40
14:39:06         0.547946908409782         3.5314         0.7906         282.40
14:39:10         0.537944956171069         3.4510         0.7913         282.40
14:39:14         0.527939086475375         3.3724         0.7846         282.40
14:39:18         0.517947681646819         3.2957         0.7193         282.40
14:39:22         0.507936773728458         3.2206         0.7358         282.40
14:39:25         0.497938142432874         3.1473         0.7701         282.40
14:39:29         0.487943978946967         3.0757         0.7849         282.40
14:39:33         0.47794564741992         3.0057         0.7948         282.40
14:39:37         0.467948300380149         2.9373         0.8394         282.40
14:39:41         0.457942414091686         2.8704         0.8347         282.40
14:39:45         0.447948342633757         2.8051         0.7890         282.40
14:39:49         0.437940718431263         2.7412         0.7642         282.40
14:39:53         0.427940307457032         2.6788         0.7600         282.40
14:39:57         0.417936462927461         2.6178         0.7443         282.40
14:40:01         0.407934474653404         2.5582         0.7555         282.40
14:40:05         0.397940008672038         2.5000         0.7866         282.40
14:40:09         0.387941239366765         2.4431         0.7704         282.40
14:40:13         0.377943388929616         2.3875         0.7333         282.40
14:40:17         0.367951963639655         2.3332         0.7697         282.40
14:40:21         0.357934841550776         2.2800         0.7680         282.40
14:40:25         0.347934690606402         2.2281         0.7243         282.40
14:40:28         0.337938240953557         2.1774         0.7394         282.40
14:40:32         0.327951191133478         2.1279         0.7150         282.40
14:40:36         0.317938052702283         2.0794         0.7048         282.40
14:40:40         0.307945067774797         2.0321         0.7422         282.40
14:40:44         0.29793551244985         1.9858         0.7449         282.40
14:40:48         0.287936035453707         1.9406         0.7341         282.40
14:40:52         0.277952845073305         1.8965         0.7277         282.40
14:40:56         0.267945719974534         1.8533         0.7347         282.40
14:41:00         0.257942432036734         1.8111         0.7072         282.40
14:41:04         0.247948720505255         1.7699         0.7133         282.40
14:41:08         0.237945664731862         1.7296         0.6993         282.40
14:41:12         0.22793808996905         1.6902         0.6888         282.40
14:41:16         0.217931174001528         1.6517         0.7097         282.40
14:41:20         0.207930431970445         1.6141         0.6476         282.40
14:41:24         0.197941827982788         1.5774         0.6781         282.40
14:41:28         0.187943521270708         1.5415         0.7121         282.40
14:41:31         0.177940303874248         1.5064         0.6572         282.40
14:41:35         0.16793731844012         1.4721         0.6937         282.40
14:41:39         0.157940039093723         1.4386         0.6728         282.40
14:41:43         0.147954431402178         1.4059         0.6419         282.40
14:41:47         0.137955141197899         1.3739         0.6985         282.40
14:41:51         0.127946638961957         1.3426         0.7082         282.40
14:41:55         0.117933847035578         1.3120         0.7045         282.40
14:41:59         0.107955765376682         1.2822         0.6699         282.40
14:42:03         0.0979510782661857         1.2530         0.6572         282.40
14:42:07         0.0879587684898214         1.2245         0.6186         282.40
14:42:11         0.0779489841071468         1.1966         0.6094         282.40
14:42:15         0.0679259348756243         1.1693         0.6265         282.40
14:42:19         0.057932210997715         1.1427         0.6610         282.40
14:42:23         0.047936536833872         1.1167         0.6281         282.40
14:42:27         0.0379441594537771         1.0913         0.6157         282.40
14:42:31         0.027960838814536         1.0665         0.5962         282.40
14:42:34         0.017951056034301         1.0422         0.5765         282.40
14:42:38         0.00796102072995762         1.0185         0.5783         282.40
#------------------------------------------------------------------
# Дата окончания эксперимента
#----------------------
# 12.12.2019
# 14:42:43
#----------------------
# Количество точек в скане 376
